5 1 0 0
12 0 2 0
5 0 0 2
12 2 3 2
5 0 0 3
12 3 1 3
0 3 0 0
5 0 3 0
8 0 1 1
2 1 1 3
14 2 3 2
14 0 2 1
14 1 1 0
2 0 2 0
5 0 1 0
8 3 0 3
2 3 3 1
14 2 1 3
14 1 1 2
14 2 0 0
3 0 3 2
5 2 1 2
5 2 3 2
8 1 2 1
2 1 1 3
5 2 0 1
12 1 2 1
14 1 1 0
14 2 3 2
2 0 2 2
5 2 3 2
8 3 2 3
2 3 0 2
14 1 1 1
5 2 0 0
12 0 2 0
14 2 1 3
14 3 0 3
5 3 1 3
8 2 3 2
5 0 0 3
12 3 2 3
14 1 0 0
14 0 3 1
8 0 0 0
5 0 1 0
8 2 0 2
2 2 3 1
14 0 3 3
14 0 0 2
14 3 0 0
7 0 2 2
5 2 2 2
8 1 2 1
2 1 0 2
14 2 0 3
14 2 3 1
14 2 2 0
3 0 3 3
5 3 3 3
8 3 2 2
2 2 1 0
14 0 0 1
5 2 0 2
12 2 0 2
14 1 0 3
12 3 1 3
5 3 1 3
8 3 0 0
2 0 2 2
14 1 3 3
14 2 2 0
14 2 0 1
4 0 3 3
5 3 1 3
5 3 3 3
8 2 3 2
2 2 0 1
14 0 1 0
14 2 3 2
14 0 3 3
11 3 2 3
5 3 3 3
8 3 1 1
2 1 3 2
14 2 2 3
14 1 1 1
14 2 2 0
0 1 0 1
5 1 1 1
8 2 1 2
2 2 2 3
5 1 0 1
12 1 3 1
14 0 2 2
13 0 1 1
5 1 3 1
8 1 3 3
5 1 0 0
12 0 3 0
14 2 3 1
14 2 0 2
9 0 1 0
5 0 1 0
5 0 3 0
8 3 0 3
2 3 1 2
14 0 3 1
5 3 0 3
12 3 1 3
14 0 3 0
14 3 0 0
5 0 1 0
8 2 0 2
14 1 2 1
14 2 3 0
4 0 3 1
5 1 3 1
8 2 1 2
2 2 3 3
14 3 0 0
14 0 2 2
14 3 1 1
1 2 0 0
5 0 1 0
8 0 3 3
2 3 0 2
14 3 2 3
5 0 0 0
12 0 2 0
14 1 2 1
9 3 0 0
5 0 1 0
8 0 2 2
2 2 1 3
14 0 2 2
14 0 1 1
14 3 0 0
1 2 0 0
5 0 2 0
8 0 3 3
2 3 0 0
14 2 1 3
14 2 2 1
10 2 3 1
5 1 2 1
8 0 1 0
14 3 3 1
10 2 3 3
5 3 3 3
8 3 0 0
2 0 1 3
14 1 2 0
14 2 3 2
2 0 2 2
5 2 1 2
8 3 2 3
2 3 1 1
14 3 0 3
14 2 0 2
2 0 2 0
5 0 1 0
5 0 1 0
8 0 1 1
14 2 1 0
14 2 0 3
5 2 0 2
12 2 0 2
10 2 3 2
5 2 3 2
8 2 1 1
5 1 0 3
12 3 3 3
14 0 2 2
14 3 3 0
1 2 0 3
5 3 1 3
8 3 1 1
2 1 2 3
14 3 2 2
14 2 2 0
14 1 1 1
6 0 2 1
5 1 1 1
8 3 1 3
2 3 2 1
5 3 0 2
12 2 2 2
14 1 2 0
14 0 3 3
2 0 2 3
5 3 3 3
8 3 1 1
5 0 0 2
12 2 0 2
14 0 0 3
8 0 0 3
5 3 3 3
8 3 1 1
14 2 0 3
0 0 3 2
5 2 1 2
5 2 2 2
8 1 2 1
14 0 2 2
14 3 0 0
1 2 0 2
5 2 3 2
8 2 1 1
2 1 1 0
14 2 1 2
14 3 3 1
14 3 1 3
13 2 1 1
5 1 1 1
8 1 0 0
2 0 0 1
14 0 1 2
14 3 0 0
14 1 1 3
1 2 0 2
5 2 1 2
5 2 2 2
8 1 2 1
2 1 1 0
14 3 0 2
14 0 2 1
5 3 2 3
5 3 3 3
8 3 0 0
2 0 0 2
14 2 1 3
14 1 2 1
14 2 0 0
3 0 3 1
5 1 1 1
8 1 2 2
2 2 3 1
14 2 0 2
14 1 2 3
4 0 3 0
5 0 1 0
8 0 1 1
14 1 1 0
2 0 2 2
5 2 3 2
8 2 1 1
14 3 2 3
14 2 0 0
14 3 1 2
6 0 2 2
5 2 3 2
8 2 1 1
2 1 0 0
14 2 3 2
14 1 2 1
14 0 1 3
11 3 2 2
5 2 3 2
8 0 2 0
2 0 0 1
14 1 0 0
14 3 1 3
14 3 3 2
14 2 3 2
5 2 3 2
5 2 2 2
8 1 2 1
2 1 2 2
14 2 2 0
5 1 0 3
12 3 1 3
14 2 1 1
8 3 3 1
5 1 3 1
5 1 2 1
8 2 1 2
14 3 3 1
5 3 0 0
12 0 1 0
8 0 0 3
5 3 1 3
5 3 3 3
8 3 2 2
2 2 2 1
5 2 0 2
12 2 0 2
14 2 0 3
5 1 0 0
12 0 2 0
3 0 3 2
5 2 3 2
8 2 1 1
14 0 3 2
14 1 2 0
0 0 3 3
5 3 1 3
8 3 1 1
2 1 1 3
14 1 0 2
14 1 0 1
8 1 0 0
5 0 3 0
8 0 3 3
14 1 3 0
14 2 0 2
14 3 3 1
2 0 2 0
5 0 1 0
8 3 0 3
2 3 3 1
14 0 0 3
14 3 1 2
14 1 2 0
10 3 2 0
5 0 3 0
5 0 2 0
8 1 0 1
14 2 2 0
5 2 0 2
12 2 1 2
14 2 0 3
3 0 3 0
5 0 3 0
8 0 1 1
2 1 3 0
14 3 3 2
5 2 0 1
12 1 0 1
14 3 1 3
7 3 2 2
5 2 3 2
8 2 0 0
2 0 3 1
14 0 1 0
14 2 2 3
14 0 0 2
10 2 3 0
5 0 3 0
5 0 3 0
8 0 1 1
2 1 3 0
5 0 0 1
12 1 2 1
14 3 0 3
7 3 2 1
5 1 3 1
8 1 0 0
2 0 3 1
5 3 0 0
12 0 3 0
14 1 1 3
5 1 0 2
12 2 3 2
5 3 2 0
5 0 1 0
8 0 1 1
2 1 3 3
14 3 2 1
14 2 1 0
1 0 2 0
5 0 3 0
8 3 0 3
2 3 1 1
14 1 0 0
14 0 1 3
14 2 0 2
2 0 2 0
5 0 1 0
8 0 1 1
2 1 0 0
5 3 0 1
12 1 3 1
11 3 2 2
5 2 1 2
8 2 0 0
14 3 1 2
14 2 0 1
14 2 3 3
15 1 3 2
5 2 1 2
8 2 0 0
2 0 3 3
14 3 3 1
14 2 1 0
5 2 0 2
12 2 2 2
9 1 0 1
5 1 3 1
5 1 1 1
8 3 1 3
2 3 0 2
14 1 3 1
14 1 3 0
14 2 1 3
8 1 0 0
5 0 3 0
8 0 2 2
2 2 2 3
5 3 0 1
12 1 2 1
14 0 0 2
5 3 0 0
12 0 1 0
5 0 2 0
5 0 3 0
8 3 0 3
2 3 1 1
14 2 2 0
14 2 0 3
14 3 3 2
6 0 2 0
5 0 2 0
8 0 1 1
2 1 2 2
14 0 1 3
14 1 1 0
14 3 0 1
12 0 1 3
5 3 3 3
8 2 3 2
2 2 3 3
5 3 0 0
12 0 2 0
14 0 2 2
14 1 1 1
0 1 0 0
5 0 3 0
8 0 3 3
2 3 3 2
14 2 0 0
14 2 0 3
5 2 0 1
12 1 3 1
13 0 1 0
5 0 1 0
5 0 2 0
8 2 0 2
2 2 3 3
14 2 1 2
14 1 1 0
14 2 1 1
2 0 2 1
5 1 3 1
8 1 3 3
5 2 0 2
12 2 3 2
5 3 0 1
12 1 3 1
14 0 2 0
7 1 2 2
5 2 3 2
8 2 3 3
2 3 0 1
14 1 2 3
14 3 0 2
5 3 2 0
5 0 1 0
8 0 1 1
5 0 0 3
12 3 2 3
14 1 1 0
14 1 1 2
0 0 3 0
5 0 3 0
8 0 1 1
2 1 1 2
14 0 2 1
14 2 1 0
3 0 3 0
5 0 2 0
8 2 0 2
2 2 1 0
5 0 0 2
12 2 2 2
14 3 0 1
5 3 0 3
12 3 0 3
15 2 3 2
5 2 2 2
8 2 0 0
2 0 3 2
14 1 2 1
14 2 3 0
14 3 1 3
9 3 0 3
5 3 3 3
8 2 3 2
5 0 0 1
12 1 3 1
14 1 0 3
4 0 3 3
5 3 3 3
5 3 1 3
8 3 2 2
2 2 0 1
14 2 1 3
5 3 0 2
12 2 0 2
14 3 2 0
10 2 3 3
5 3 2 3
8 1 3 1
2 1 2 0
14 1 3 2
5 1 0 3
12 3 0 3
14 0 2 1
14 3 2 2
5 2 1 2
5 2 2 2
8 0 2 0
14 1 3 1
14 0 3 2
5 1 2 1
5 1 2 1
5 1 1 1
8 1 0 0
5 1 0 2
12 2 3 2
14 2 3 1
6 1 2 2
5 2 1 2
8 2 0 0
2 0 2 3
14 1 2 0
14 0 2 2
5 0 2 2
5 2 3 2
8 2 3 3
14 0 3 1
5 2 0 2
12 2 2 2
2 0 2 2
5 2 2 2
8 3 2 3
2 3 0 0
14 2 0 2
14 1 2 1
14 0 2 3
15 2 3 3
5 3 1 3
8 3 0 0
2 0 1 1
14 2 0 3
14 1 3 0
14 1 1 2
0 0 3 2
5 2 2 2
8 2 1 1
2 1 0 3
5 3 0 1
12 1 1 1
14 3 3 2
5 0 2 2
5 2 3 2
8 3 2 3
2 3 2 1
14 0 2 3
5 0 0 0
12 0 2 0
14 3 1 2
6 0 2 3
5 3 3 3
8 3 1 1
2 1 2 3
14 1 3 1
14 2 2 2
0 1 0 0
5 0 1 0
8 0 3 3
14 2 3 0
14 3 2 2
1 0 2 2
5 2 2 2
8 2 3 3
2 3 0 1
14 1 3 2
14 1 0 3
14 1 3 0
8 0 0 3
5 3 1 3
5 3 3 3
8 3 1 1
2 1 3 3
14 3 0 1
14 2 2 2
14 3 2 0
6 2 0 2
5 2 1 2
5 2 3 2
8 2 3 3
2 3 3 1
14 2 3 2
5 2 0 3
12 3 0 3
11 3 2 2
5 2 2 2
8 1 2 1
14 3 0 2
10 3 2 3
5 3 2 3
5 3 3 3
8 3 1 1
2 1 2 3
14 2 2 2
14 3 0 1
6 2 0 0
5 0 1 0
5 0 3 0
8 0 3 3
2 3 2 1
14 2 1 0
14 1 1 3
14 1 2 2
4 0 3 2
5 2 3 2
8 1 2 1
2 1 1 2
14 0 2 3
14 3 2 1
15 0 3 1
5 1 2 1
5 1 2 1
8 1 2 2
14 3 1 0
14 1 3 3
14 0 2 1
12 3 1 3
5 3 2 3
5 3 1 3
8 2 3 2
2 2 1 1
14 0 1 0
14 3 0 3
14 3 3 2
14 2 3 3
5 3 2 3
5 3 3 3
8 3 1 1
14 3 3 3
14 2 1 0
14 0 1 2
14 2 3 3
5 3 2 3
8 1 3 1
2 1 2 3
14 3 3 2
14 3 3 0
14 2 2 1
6 1 0 1
5 1 3 1
8 1 3 3
2 3 2 1
14 3 2 3
14 2 0 2
13 2 0 2
5 2 1 2
8 2 1 1
2 1 2 0
14 1 0 3
14 3 3 1
14 3 3 2
14 2 1 1
5 1 1 1
5 1 2 1
8 0 1 0
2 0 3 3
5 0 0 1
12 1 1 1
14 0 1 2
14 3 0 0
1 2 0 1
5 1 1 1
5 1 2 1
8 3 1 3
2 3 1 1
5 2 0 2
12 2 2 2
14 3 1 3
6 2 0 3
5 3 3 3
5 3 2 3
8 1 3 1
5 3 0 2
12 2 0 2
14 2 1 3
5 2 0 0
12 0 2 0
3 0 3 3
5 3 2 3
8 3 1 1
2 1 2 2
5 1 0 0
12 0 3 0
14 1 1 3
14 3 2 1
12 3 1 1
5 1 2 1
5 1 1 1
8 1 2 2
2 2 1 1
14 2 0 2
5 2 0 3
12 3 0 3
5 0 0 0
12 0 1 0
11 3 2 0
5 0 3 0
8 1 0 1
2 1 1 2
5 3 0 1
12 1 1 1
14 2 0 3
5 2 0 0
12 0 2 0
3 0 3 3
5 3 1 3
5 3 1 3
8 2 3 2
2 2 1 1
14 0 2 0
5 3 0 2
12 2 3 2
14 0 1 3
14 2 3 2
5 2 3 2
8 2 1 1
2 1 2 3
14 2 3 1
14 2 1 0
5 0 0 2
12 2 3 2
6 1 2 0
5 0 2 0
8 3 0 3
2 3 1 1
14 0 0 2
5 0 0 3
12 3 1 3
14 2 3 0
8 3 3 0
5 0 3 0
8 1 0 1
5 0 0 0
12 0 2 0
14 3 2 2
14 2 2 3
3 0 3 2
5 2 2 2
8 2 1 1
14 3 2 2
3 0 3 3
5 3 1 3
5 3 1 3
8 1 3 1
2 1 3 3
14 0 3 2
14 0 0 1
5 0 0 0
12 0 1 0
8 0 0 2
5 2 2 2
8 2 3 3
2 3 0 1
5 3 0 3
12 3 2 3
14 0 0 2
14 2 3 0
10 2 3 0
5 0 3 0
8 0 1 1
14 2 3 2
14 1 2 0
8 0 0 0
5 0 2 0
5 0 3 0
8 0 1 1
2 1 2 3
14 2 3 1
14 1 2 0
8 0 0 0
5 0 3 0
8 0 3 3
2 3 0 1
5 2 0 3
12 3 2 3
14 1 3 0
2 0 2 3
5 3 2 3
8 1 3 1
2 1 0 2
14 2 1 1
14 3 1 3
14 3 3 0
6 1 0 3
5 3 3 3
8 2 3 2
14 0 2 3
14 1 0 0
5 0 0 1
12 1 0 1
14 3 0 0
5 0 2 0
8 0 2 2
2 2 1 0
14 2 0 2
14 1 2 1
11 3 2 1
5 1 3 1
5 1 2 1
8 1 0 0
2 0 0 2
14 1 0 3
14 2 3 0
5 0 0 1
12 1 0 1
4 0 3 3
5 3 2 3
5 3 1 3
8 2 3 2
2 2 3 0
5 0 0 2
12 2 3 2
14 1 3 1
14 1 1 3
14 3 1 3
5 3 2 3
8 3 0 0
2 0 0 2
5 0 0 3
12 3 2 3
14 0 3 1
14 2 2 0
3 0 3 1
5 1 3 1
5 1 3 1
8 2 1 2
5 1 0 1
12 1 2 1
14 3 0 0
9 0 1 3
5 3 1 3
8 2 3 2
2 2 2 1
14 2 3 0
14 2 2 3
14 3 0 2
6 0 2 3
5 3 1 3
5 3 1 3
8 1 3 1
2 1 0 3
14 3 3 0
14 2 2 1
9 0 1 1
5 1 1 1
8 1 3 3
14 1 0 2
14 3 0 1
14 1 0 0
7 1 2 0
5 0 3 0
5 0 2 0
8 3 0 3
5 1 0 0
12 0 3 0
14 1 0 1
7 0 2 2
5 2 1 2
8 3 2 3
2 3 1 2
14 2 3 3
14 1 2 0
0 1 3 1
5 1 2 1
8 2 1 2
2 2 3 1
5 1 0 0
12 0 2 0
14 0 3 2
3 0 3 0
5 0 3 0
5 0 3 0
8 1 0 1
2 1 2 2
14 2 2 0
14 0 3 1
14 0 1 3
14 3 0 0
5 0 2 0
8 0 2 2
2 2 2 3
14 1 3 0
5 1 0 1
12 1 1 1
14 0 2 2
8 1 0 1
5 1 3 1
5 1 1 1
8 1 3 3
2 3 0 0
